=========================第一周==============================================

点数     34

STATION       X                         Y                         Z                       Q_X       Q_Y        Q_Z
              (m)                         (m)                      (m)                        
--------------------------------------------------------------------------------------------------------------------------------------
1   BJFS         -2148743.993842      4426641.278667      4044655.887392            0.014614            0.027291            0.016671
2   BJSH         -2154109.161647      4373150.550643      4099357.119150            0.014994            0.028402            0.017876
3   CHUN         -2674435.200939      3757165.499245      4391490.764547            0.021604            0.032034            0.025865
4   DLHA          -651916.637061      5034784.609998      3852829.679906            0.013831            0.032611            0.017833
5   DXIN          -854044.779305      4746318.712786      4161727.277222            0.033944            0.069895            0.046154
6   GUAM         -5071312.784127      3568363.521808      1488904.282486            0.045699            0.048705            0.030153
7   GUAN         -2324045.556698      5386099.021270      2495556.650549            0.042573            0.094884            0.030282
8   HLAR         -2068717.348512      3620787.714073      4810717.156215            0.028264            0.042909            0.038628
9   IRKT          -968332.318200      3794425.407443      5018167.712658            0.024423            0.028557            0.027629
10   JIXN         -2259012.111779      4333892.023924      4084475.200679            0.015996            0.028632            0.018323
11   KMIN         -1281316.121047      5640733.480058      2682877.477729            0.036045            0.109823            0.032829
12   KUNM         -1281255.604530      5640746.063944      2682879.973153            0.049572            0.220941            0.060727
13   KWJ1         -6160880.931716      1339883.270736       960810.550810            1.276293            0.471191            0.156161
14   LHAS          -106937.874581      5549269.556815      3139215.789270            0.016830            0.029389            0.013799
15   LUZH         -1485722.305819      5388883.489717      3061670.551664            0.017131            0.043501            0.017665
16   QION         -2047697.831731      5673712.750724      2066498.605810            0.044350            0.105723            0.028771
17   SELE          1046790.713033      4540257.066902      4342920.740752            0.038383            0.063766            0.053621
18   SHAO         -2831733.425169      4675665.981860      3275369.416774            0.024066            0.034046            0.017921
19   SUIY         -2987518.046723      3447904.069069      4442860.643727            0.033530            0.041840            0.039329
20   TAIN         -2348928.788022      4585650.352111      3747619.145219            0.019659            0.034422            0.019237
21   TASH          1287182.499579      4883388.679065      3887595.441981            0.042918            0.081259            0.056188
22   TSKB         -3957199.257915      3310199.679608      3737711.627776            0.028556            0.028675            0.025510
23   URUM           193030.736149      4606851.294160      4393311.399397            0.031483            0.056218            0.041290
24   USUD         -3855263.044004      3427432.508820      3741020.287318            0.029050            0.029232            0.024718
25   WHJF         -2279850.629796      5004696.743291      3219777.745611            0.019994            0.041232            0.019163
26   WUHN         -2267749.317984      5009154.269418      3221290.656452            0.024159            0.054362            0.024060
27   WUSH           899913.608876      4721881.967781      4180271.921411            0.035470            0.063137            0.047057
28   XIAA         -1718592.464213      4995226.389899      3563105.886598            0.012046            0.027824            0.013953
29   XIAG         -1024879.595082      5665042.321015      2740825.493437            0.025448            0.070072            0.023257
30   XIAM         -2734833.825713      5125633.940328      2623766.340070            0.039012            0.061455            0.023530
31   YANC         -1512848.523635      4816556.781498      3886841.241201            0.012268            0.029719            0.016380
32   ZHNZ         -2064539.531616      4839101.297512      3594439.797894            0.017672            0.035884            0.018633
33   IISC          1337936.708458      6070317.077203      1427876.623104            0.058666            0.209467            0.046806
34   XNIN         -1046499.253918      5020528.821496      3783317.393929            0.012070            0.033718            0.017907

=================================第五十二周========================================

点数     34

STATION       X                         Y                         Z                       Q_X       Q_Y        Q_Z
              (m)                         (m)                      (m)                        
------------------------------------------------------------------------------------------------------------------------------------
1   BJFS         -2148744.007452      4426641.285250      4044655.885707            0.008626            0.018119            0.011137
2   BJSH         -2154109.177935      4373150.564872      4099357.121853            0.010262            0.021866            0.014291
3   CHUN         -2674435.215171      3757165.512675      4391490.772663            0.018998            0.029289            0.026317
4   DLHA          -651916.649416      5034784.622414      3852829.690147            0.010111            0.027179            0.013821
5   DXIN          -854044.792532      4746318.727454      4161727.285575            0.017690            0.047952            0.030180
6   GUAN         -2324045.569141      5386099.006131      2495556.631508            0.042180            0.104306            0.031237
7   HLAR         -2068717.364048      3620787.736028      4810717.170815            0.024145            0.043143            0.041134
8   IISC          1337936.715460      6070317.085852      1427876.663272            0.036688            0.115276            0.029842
9   IRKT          -968332.331453      3794425.436991      5018167.732271            0.021538            0.031575            0.026484
10   JIXN         -2259012.124572      4333892.038059      4084475.204785            0.011286            0.022601            0.015189
11   KIT3          1944945.244353      4556652.269416      4004326.003817            0.037192            0.040175            0.036457
12   KMIN         -1281316.135286      5640733.486622      2682877.463413            0.037051            0.129429            0.037037
13   KUNM         -1281255.616024      5640746.065801      2682879.952921            0.031440            0.118216            0.033922
14   LHAS          -106937.898003      5549269.574236      3139215.817611            0.015589            0.027338            0.012097
15   LUZH         -1485722.320360      5388883.494073      3061670.542770            0.015584            0.039241            0.015691
16   QION         -2047697.844187      5673712.741053      2066498.587860            0.037242            0.109130            0.028225
17   SELE          1046790.713417      4540257.090455      4342920.767502            0.036063            0.058679            0.048438
18   SHAO         -2831733.444210      4675665.990348      3275369.411696            0.018295            0.027205            0.014302
19   SUIY         -2987518.061976      3447904.082822      4442860.653599            0.030083            0.037012            0.038754
20   TAIN         -2348928.804866      4585650.362536      3747619.142275            0.018320            0.039302            0.021263
21   TASH          1287182.501925      4883388.692990      3887595.485903            0.032212            0.068163            0.046060
22   TSKB         -3957199.254461      3310199.699857      3737711.632693            0.024071            0.023766            0.023787
23   URUM           193030.726342      4606851.303633      4393311.414761            0.023737            0.044874            0.031725
24   USUD         -3855263.043973      3427432.530786      3741020.293696            0.025693            0.025797            0.024013
25   WHJF         -2279850.641290      5004696.734315      3219777.729318            0.017484            0.036569            0.016789
26   WUHN         -2267749.361187      5009154.338864      3221290.675543            0.027224            0.060112            0.025605
27   WUSH           899913.605165      4721881.981051      4180271.954455            0.026117            0.048342            0.035374
28   XIAA         -1718592.474636      4995226.393125      3563105.882079            0.008365            0.020775            0.010351
29   XIAG         -1024879.596980      5665042.328910      2740825.474899            0.029097            0.085271            0.026157
30   XIAM         -2734833.839602      5125633.925869      2623766.320249            0.041229            0.074147            0.026364
31   XNIN         -1046499.271617      5020528.833536      3783317.401686            0.008005            0.023009            0.011558
32   YANC         -1512848.540077      4816556.793013      3886841.241323            0.008997            0.023771            0.012538
33   ZHNZ         -2064539.544014      4839101.306796      3594439.792212            0.014223            0.032397            0.016543
34   YONG         -2320650.215428      5648402.448197      1835263.994586            0.062979            0.209554            0.040061